{
 "cells": [
  {
   "cell_type": "markdown",
   "metadata": {},
   "source": [
    "## Breast Cancer Prediction"
   ]
  },
  {
   "cell_type": "code",
   "execution_count": 41,
   "metadata": {},
   "outputs": [],
   "source": [
    "# Base libraries\n",
    "import pandas as pd\n",
    "import numpy as np\n",
    "\n",
    "#  Custom helpers\n",
    "from helpers import ml_tools\n",
    "from helpers import viz\n",
    "\n",
    "# Dataset\n",
    "from sklearn.datasets import load_breast_cancer\n",
    "\n",
    "# Processing libraries\n",
    "from sklearn.pipeline import Pipeline\n",
    "from sklearn.preprocessing import StandardScaler, PowerTransformer, PolynomialFeatures\n",
    "from sklearn.decomposition import PCA\n",
    "from sklearn.model_selection import train_test_split, GridSearchCV, KFold, cross_val_score, StratifiedKFold\n",
    "from sklearn.metrics import confusion_matrix, roc_auc_score, roc_curve, precision_recall_curve\n",
    "\n",
    "\n",
    "# Baseline classifier algos\n",
    "from sklearn.linear_model import LogisticRegression, RidgeClassifier\n",
    "from sklearn.discriminant_analysis import LinearDiscriminantAnalysis\n",
    "from sklearn.neighbors import KNeighborsClassifier\n",
    "from sklearn.tree import DecisionTreeClassifier\n",
    "from sklearn.naive_bayes import GaussianNB\n",
    "from sklearn.svm import SVC\n",
    "\n",
    "# Utilities\n",
    "from tempfile import mkdtemp\n",
    "from shutil import rmtree\n",
    "\n",
    "# Vizualisation libraries\n",
    "import matplotlib.pyplot as plt\n",
    "import seaborn as sns\n",
    "import plotly.express as px\n",
    "import plotly.io as pio\n",
    "\n",
    "\n",
    "# Setting options\n",
    "pd.options.display.max_columns = 25\n",
    "sns.set(rc={'figure.figsize':(12,6)}, palette='pastel')\n",
    "seed = 42\n",
    "viz.change_theme('white')"
   ]
  },
  {
   "cell_type": "code",
   "execution_count": 29,
   "metadata": {},
   "outputs": [
    {
     "data": {
      "text/html": [
       "<div>\n",
       "<style scoped>\n",
       "    .dataframe tbody tr th:only-of-type {\n",
       "        vertical-align: middle;\n",
       "    }\n",
       "\n",
       "    .dataframe tbody tr th {\n",
       "        vertical-align: top;\n",
       "    }\n",
       "\n",
       "    .dataframe thead th {\n",
       "        text-align: right;\n",
       "    }\n",
       "</style>\n",
       "<table border=\"1\" class=\"dataframe\">\n",
       "  <thead>\n",
       "    <tr style=\"text-align: right;\">\n",
       "      <th></th>\n",
       "      <th>mean radius</th>\n",
       "      <th>mean texture</th>\n",
       "      <th>mean perimeter</th>\n",
       "      <th>mean area</th>\n",
       "      <th>mean smoothness</th>\n",
       "      <th>mean compactness</th>\n",
       "      <th>mean concavity</th>\n",
       "      <th>mean concave points</th>\n",
       "      <th>mean symmetry</th>\n",
       "      <th>mean fractal dimension</th>\n",
       "      <th>radius error</th>\n",
       "      <th>texture error</th>\n",
       "      <th>...</th>\n",
       "      <th>symmetry error</th>\n",
       "      <th>fractal dimension error</th>\n",
       "      <th>worst radius</th>\n",
       "      <th>worst texture</th>\n",
       "      <th>worst perimeter</th>\n",
       "      <th>worst area</th>\n",
       "      <th>worst smoothness</th>\n",
       "      <th>worst compactness</th>\n",
       "      <th>worst concavity</th>\n",
       "      <th>worst concave points</th>\n",
       "      <th>worst symmetry</th>\n",
       "      <th>worst fractal dimension</th>\n",
       "    </tr>\n",
       "  </thead>\n",
       "  <tbody>\n",
       "    <tr>\n",
       "      <th>0</th>\n",
       "      <td>17.99</td>\n",
       "      <td>10.38</td>\n",
       "      <td>122.80</td>\n",
       "      <td>1001.0</td>\n",
       "      <td>0.11840</td>\n",
       "      <td>0.27760</td>\n",
       "      <td>0.3001</td>\n",
       "      <td>0.14710</td>\n",
       "      <td>0.2419</td>\n",
       "      <td>0.07871</td>\n",
       "      <td>1.0950</td>\n",
       "      <td>0.9053</td>\n",
       "      <td>...</td>\n",
       "      <td>0.03003</td>\n",
       "      <td>0.006193</td>\n",
       "      <td>25.38</td>\n",
       "      <td>17.33</td>\n",
       "      <td>184.60</td>\n",
       "      <td>2019.0</td>\n",
       "      <td>0.1622</td>\n",
       "      <td>0.6656</td>\n",
       "      <td>0.7119</td>\n",
       "      <td>0.2654</td>\n",
       "      <td>0.4601</td>\n",
       "      <td>0.11890</td>\n",
       "    </tr>\n",
       "    <tr>\n",
       "      <th>1</th>\n",
       "      <td>20.57</td>\n",
       "      <td>17.77</td>\n",
       "      <td>132.90</td>\n",
       "      <td>1326.0</td>\n",
       "      <td>0.08474</td>\n",
       "      <td>0.07864</td>\n",
       "      <td>0.0869</td>\n",
       "      <td>0.07017</td>\n",
       "      <td>0.1812</td>\n",
       "      <td>0.05667</td>\n",
       "      <td>0.5435</td>\n",
       "      <td>0.7339</td>\n",
       "      <td>...</td>\n",
       "      <td>0.01389</td>\n",
       "      <td>0.003532</td>\n",
       "      <td>24.99</td>\n",
       "      <td>23.41</td>\n",
       "      <td>158.80</td>\n",
       "      <td>1956.0</td>\n",
       "      <td>0.1238</td>\n",
       "      <td>0.1866</td>\n",
       "      <td>0.2416</td>\n",
       "      <td>0.1860</td>\n",
       "      <td>0.2750</td>\n",
       "      <td>0.08902</td>\n",
       "    </tr>\n",
       "    <tr>\n",
       "      <th>2</th>\n",
       "      <td>19.69</td>\n",
       "      <td>21.25</td>\n",
       "      <td>130.00</td>\n",
       "      <td>1203.0</td>\n",
       "      <td>0.10960</td>\n",
       "      <td>0.15990</td>\n",
       "      <td>0.1974</td>\n",
       "      <td>0.12790</td>\n",
       "      <td>0.2069</td>\n",
       "      <td>0.05999</td>\n",
       "      <td>0.7456</td>\n",
       "      <td>0.7869</td>\n",
       "      <td>...</td>\n",
       "      <td>0.02250</td>\n",
       "      <td>0.004571</td>\n",
       "      <td>23.57</td>\n",
       "      <td>25.53</td>\n",
       "      <td>152.50</td>\n",
       "      <td>1709.0</td>\n",
       "      <td>0.1444</td>\n",
       "      <td>0.4245</td>\n",
       "      <td>0.4504</td>\n",
       "      <td>0.2430</td>\n",
       "      <td>0.3613</td>\n",
       "      <td>0.08758</td>\n",
       "    </tr>\n",
       "    <tr>\n",
       "      <th>3</th>\n",
       "      <td>11.42</td>\n",
       "      <td>20.38</td>\n",
       "      <td>77.58</td>\n",
       "      <td>386.1</td>\n",
       "      <td>0.14250</td>\n",
       "      <td>0.28390</td>\n",
       "      <td>0.2414</td>\n",
       "      <td>0.10520</td>\n",
       "      <td>0.2597</td>\n",
       "      <td>0.09744</td>\n",
       "      <td>0.4956</td>\n",
       "      <td>1.1560</td>\n",
       "      <td>...</td>\n",
       "      <td>0.05963</td>\n",
       "      <td>0.009208</td>\n",
       "      <td>14.91</td>\n",
       "      <td>26.50</td>\n",
       "      <td>98.87</td>\n",
       "      <td>567.7</td>\n",
       "      <td>0.2098</td>\n",
       "      <td>0.8663</td>\n",
       "      <td>0.6869</td>\n",
       "      <td>0.2575</td>\n",
       "      <td>0.6638</td>\n",
       "      <td>0.17300</td>\n",
       "    </tr>\n",
       "    <tr>\n",
       "      <th>4</th>\n",
       "      <td>20.29</td>\n",
       "      <td>14.34</td>\n",
       "      <td>135.10</td>\n",
       "      <td>1297.0</td>\n",
       "      <td>0.10030</td>\n",
       "      <td>0.13280</td>\n",
       "      <td>0.1980</td>\n",
       "      <td>0.10430</td>\n",
       "      <td>0.1809</td>\n",
       "      <td>0.05883</td>\n",
       "      <td>0.7572</td>\n",
       "      <td>0.7813</td>\n",
       "      <td>...</td>\n",
       "      <td>0.01756</td>\n",
       "      <td>0.005115</td>\n",
       "      <td>22.54</td>\n",
       "      <td>16.67</td>\n",
       "      <td>152.20</td>\n",
       "      <td>1575.0</td>\n",
       "      <td>0.1374</td>\n",
       "      <td>0.2050</td>\n",
       "      <td>0.4000</td>\n",
       "      <td>0.1625</td>\n",
       "      <td>0.2364</td>\n",
       "      <td>0.07678</td>\n",
       "    </tr>\n",
       "  </tbody>\n",
       "</table>\n",
       "<p>5 rows × 30 columns</p>\n",
       "</div>"
      ],
      "text/plain": [
       "   mean radius  mean texture  mean perimeter  mean area  mean smoothness  \\\n",
       "0        17.99         10.38          122.80     1001.0          0.11840   \n",
       "1        20.57         17.77          132.90     1326.0          0.08474   \n",
       "2        19.69         21.25          130.00     1203.0          0.10960   \n",
       "3        11.42         20.38           77.58      386.1          0.14250   \n",
       "4        20.29         14.34          135.10     1297.0          0.10030   \n",
       "\n",
       "   mean compactness  mean concavity  mean concave points  mean symmetry  \\\n",
       "0           0.27760          0.3001              0.14710         0.2419   \n",
       "1           0.07864          0.0869              0.07017         0.1812   \n",
       "2           0.15990          0.1974              0.12790         0.2069   \n",
       "3           0.28390          0.2414              0.10520         0.2597   \n",
       "4           0.13280          0.1980              0.10430         0.1809   \n",
       "\n",
       "   mean fractal dimension  radius error  texture error  ...  symmetry error  \\\n",
       "0                 0.07871        1.0950         0.9053  ...         0.03003   \n",
       "1                 0.05667        0.5435         0.7339  ...         0.01389   \n",
       "2                 0.05999        0.7456         0.7869  ...         0.02250   \n",
       "3                 0.09744        0.4956         1.1560  ...         0.05963   \n",
       "4                 0.05883        0.7572         0.7813  ...         0.01756   \n",
       "\n",
       "   fractal dimension error  worst radius  worst texture  worst perimeter  \\\n",
       "0                 0.006193         25.38          17.33           184.60   \n",
       "1                 0.003532         24.99          23.41           158.80   \n",
       "2                 0.004571         23.57          25.53           152.50   \n",
       "3                 0.009208         14.91          26.50            98.87   \n",
       "4                 0.005115         22.54          16.67           152.20   \n",
       "\n",
       "   worst area  worst smoothness  worst compactness  worst concavity  \\\n",
       "0      2019.0            0.1622             0.6656           0.7119   \n",
       "1      1956.0            0.1238             0.1866           0.2416   \n",
       "2      1709.0            0.1444             0.4245           0.4504   \n",
       "3       567.7            0.2098             0.8663           0.6869   \n",
       "4      1575.0            0.1374             0.2050           0.4000   \n",
       "\n",
       "   worst concave points  worst symmetry  worst fractal dimension  \n",
       "0                0.2654          0.4601                  0.11890  \n",
       "1                0.1860          0.2750                  0.08902  \n",
       "2                0.2430          0.3613                  0.08758  \n",
       "3                0.2575          0.6638                  0.17300  \n",
       "4                0.1625          0.2364                  0.07678  \n",
       "\n",
       "[5 rows x 30 columns]"
      ]
     },
     "execution_count": 29,
     "metadata": {},
     "output_type": "execute_result"
    }
   ],
   "source": [
    "features, labels = load_breast_cancer(return_X_y=True, as_frame=True)\n",
    "features.head()"
   ]
  },
  {
   "cell_type": "code",
   "execution_count": 30,
   "metadata": {},
   "outputs": [
    {
     "data": {
      "text/plain": [
       "(569, 30)"
      ]
     },
     "execution_count": 30,
     "metadata": {},
     "output_type": "execute_result"
    }
   ],
   "source": [
    "features.shape"
   ]
  },
  {
   "cell_type": "code",
   "execution_count": 31,
   "metadata": {},
   "outputs": [
    {
     "name": "stdout",
     "output_type": "stream",
     "text": [
      "Missing values:  0\n"
     ]
    }
   ],
   "source": [
    "print('Missing values: ', features.isna().sum().sum())"
   ]
  },
  {
   "cell_type": "code",
   "execution_count": 32,
   "metadata": {},
   "outputs": [
    {
     "data": {
      "application/vnd.plotly.v1+json": {
       "config": {
        "plotlyServerURL": "https://plot.ly"
       },
       "data": [
        {
         "coloraxis": "coloraxis",
         "hovertemplate": "x: %{x}<br>y: %{y}<br>Pearson Index: %{z}<extra></extra>",
         "name": "0",
         "type": "heatmap",
         "x": [
          "mean radius",
          "mean texture",
          "mean perimeter",
          "mean area",
          "mean smoothness",
          "mean compactness",
          "mean concavity",
          "mean concave points",
          "mean symmetry",
          "mean fractal dimension",
          "radius error",
          "texture error",
          "perimeter error",
          "area error",
          "smoothness error",
          "compactness error",
          "concavity error",
          "concave points error",
          "symmetry error",
          "fractal dimension error",
          "worst radius",
          "worst texture",
          "worst perimeter",
          "worst area",
          "worst smoothness",
          "worst compactness",
          "worst concavity",
          "worst concave points",
          "worst symmetry",
          "worst fractal dimension"
         ],
         "xaxis": "x",
         "y": [
          "mean radius",
          "mean texture",
          "mean perimeter",
          "mean area",
          "mean smoothness",
          "mean compactness",
          "mean concavity",
          "mean concave points",
          "mean symmetry",
          "mean fractal dimension",
          "radius error",
          "texture error",
          "perimeter error",
          "area error",
          "smoothness error",
          "compactness error",
          "concavity error",
          "concave points error",
          "symmetry error",
          "fractal dimension error",
          "worst radius",
          "worst texture",
          "worst perimeter",
          "worst area",
          "worst smoothness",
          "worst compactness",
          "worst concavity",
          "worst concave points",
          "worst symmetry",
          "worst fractal dimension"
         ],
         "yaxis": "y",
         "z": [
          [
           1,
           0.32378189092773324,
           0.9978552814938109,
           0.9873571700566127,
           0.17058118749299467,
           0.5061235775263634,
           0.6767635503908104,
           0.8225285223871786,
           0.14774124199260202,
           -0.3116308263092899,
           0.6790903880020743,
           -0.09731744314481319,
           0.6741716157641048,
           0.7358636632128178,
           -0.2226001245821115,
           0.2059999804076988,
           0.19420362276150882,
           0.3761689559399253,
           -0.10432088141786551,
           -0.042641269114456294,
           0.9695389726112055,
           0.29700764398637336,
           0.9651365139559871,
           0.9410824595860461,
           0.11961613992160802,
           0.4134628230608015,
           0.5269114618385448,
           0.7442141978674661,
           0.1639533349363072,
           0.007065885692182479
          ],
          [
           0.32378189092773324,
           1,
           0.3295330586865707,
           0.32108569608020704,
           -0.023388515998423325,
           0.236702222074372,
           0.30241782794389144,
           0.29346405131394276,
           0.07140098048331764,
           -0.07643718344813423,
           0.27586867617376243,
           0.3863576227244906,
           0.28167311478720275,
           0.2598449866100985,
           0.006613777353585514,
           0.19197461132396684,
           0.14329307656049867,
           0.16385102528521822,
           0.009127167755035895,
           0.054457519568933854,
           0.35257294715029586,
           0.912044588840421,
           0.35803957505322415,
           0.3435459471864696,
           0.077503358822129,
           0.2778295924789794,
           0.30102522381649116,
           0.2953158433377364,
           0.10500791031597205,
           0.11920535139708567
          ],
          [
           0.9978552814938109,
           0.3295330586865707,
           1,
           0.9865068039913907,
           0.2072781636910072,
           0.556936210879562,
           0.7161356501174047,
           0.8509770412528191,
           0.18302721211685316,
           -0.26147690806633256,
           0.6917650135334819,
           -0.08676107831179455,
           0.6931348895408653,
           0.7449826941190683,
           -0.20269402629832212,
           0.25074368074058806,
           0.22808234539365832,
           0.407216915998619,
           -0.08162932702839931,
           -0.005523391057003881,
           0.9694763634663146,
           0.30303837155715024,
           0.9703868870426394,
           0.9415498080023068,
           0.1505494043170374,
           0.45577422803832723,
           0.5638792634736619,
           0.7712407893605497,
           0.18911504046245775,
           0.05101852972340705
          ],
          [
           0.9873571700566127,
           0.32108569608020704,
           0.9865068039913907,
           1,
           0.1770283772540016,
           0.49850168215241186,
           0.6859828285519112,
           0.8232688686524342,
           0.15129307903511224,
           -0.2831098116914261,
           0.7325622269972968,
           -0.06628021360457731,
           0.7266283277906844,
           0.8000859212343201,
           -0.1667766666011128,
           0.21258255077923266,
           0.20766006048256927,
           0.3723202823307104,
           -0.07249658821176244,
           -0.019886963235068042,
           0.9627460860470841,
           0.287488627121397,
           0.9591195743552645,
           0.9592133256498998,
           0.12352293875557084,
           0.39041030924249864,
           0.5126059204433239,
           0.7220166262603579,
           0.1435699138890717,
           0.003737597351571729
          ],
          [
           0.17058118749299467,
           -0.023388515998423325,
           0.2072781636910072,
           0.1770283772540016,
           1,
           0.6591232152159234,
           0.52198376771426,
           0.5536951727437609,
           0.5577747880728878,
           0.5847920019499775,
           0.30146709825316975,
           0.06840644817118251,
           0.29609193289351476,
           0.24655243166573562,
           0.3323754426475922,
           0.31894329670537874,
           0.24839567988255598,
           0.38067569098328613,
           0.20077437592048314,
           0.2836066985468851,
           0.21312014189594916,
           0.03607179878564654,
           0.23885262620915101,
           0.20671836342857688,
           0.8053241954943627,
           0.4724684437304436,
           0.4349257147250878,
           0.503053353298951,
           0.39430948181175646,
           0.4993163685937669
          ],
          [
           0.5061235775263634,
           0.236702222074372,
           0.556936210879562,
           0.49850168215241186,
           0.6591232152159234,
           1,
           0.8831206701772507,
           0.831135043133698,
           0.6026410484055158,
           0.565368663414522,
           0.49747344608506183,
           0.04620483071640705,
           0.5489052645888235,
           0.45565285198788846,
           0.13529926770047143,
           0.7387217896603929,
           0.5705168714898889,
           0.642261850971647,
           0.22997659080143223,
           0.5073181269004216,
           0.5353153982176662,
           0.2481328332774173,
           0.590210427731298,
           0.50960380555792,
           0.5655411663750888,
           0.8658090398022629,
           0.8162752498000281,
           0.8155732235690644,
           0.5102234299218061,
           0.6873823227538974
          ],
          [
           0.6767635503908104,
           0.30241782794389144,
           0.7161356501174047,
           0.6859828285519112,
           0.52198376771426,
           0.8831206701772507,
           1,
           0.9213910263788588,
           0.5006666171419609,
           0.33678335942118504,
           0.6319248221414899,
           0.07621834813534026,
           0.6603907872419604,
           0.6174268058452413,
           0.09856374579911734,
           0.6702788246430194,
           0.6912702075448502,
           0.6832599165123261,
           0.17800920792087752,
           0.4493007490503378,
           0.6882364076436722,
           0.2998788887096908,
           0.7295649165132018,
           0.6759872313060872,
           0.44882203840476004,
           0.7549680159063962,
           0.8841026390943817,
           0.861323033637951,
           0.4094641265399853,
           0.5149298906363856
          ],
          [
           0.8225285223871786,
           0.29346405131394276,
           0.8509770412528191,
           0.8232688686524342,
           0.5536951727437609,
           0.831135043133698,
           0.9213910263788588,
           1,
           0.4624973883673585,
           0.1669173832269923,
           0.6980498335607404,
           0.021479581923401776,
           0.710649871613898,
           0.6902985397595536,
           0.027653308387136005,
           0.49042424959357145,
           0.43916706847426173,
           0.6156341308969191,
           0.09535078688667675,
           0.2575837462430327,
           0.8303176311186159,
           0.2927517130015173,
           0.8559231281343119,
           0.809629619909618,
           0.4527530541790488,
           0.6674536768257124,
           0.7523994975749643,
           0.9101553142985918,
           0.3757441454236111,
           0.36866113371677106
          ],
          [
           0.14774124199260202,
           0.07140098048331764,
           0.18302721211685316,
           0.15129307903511224,
           0.5577747880728878,
           0.6026410484055158,
           0.5006666171419609,
           0.4624973883673585,
           1,
           0.47992133005096926,
           0.30337926320726244,
           0.1280529263402561,
           0.3138927607965131,
           0.22397021941762965,
           0.18732116526139078,
           0.4216591470050108,
           0.3426270230777206,
           0.39329787208901684,
           0.44913654239342854,
           0.3317861462731239,
           0.18572775349568738,
           0.0906506881166432,
           0.21916855911105818,
           0.1771933773740968,
           0.4266750263849464,
           0.4732000132446185,
           0.433721007590172,
           0.4302966114579543,
           0.6998257976437302,
           0.4384134984446025
          ],
          [
           -0.3116308263092899,
           -0.07643718344813423,
           -0.26147690806633256,
           -0.2831098116914261,
           0.5847920019499775,
           0.565368663414522,
           0.33678335942118504,
           0.1669173832269923,
           0.47992133005096926,
           1,
           0.0001109950726296278,
           0.16417396587172883,
           0.03982993157204734,
           -0.09017024752042703,
           0.4019644254484126,
           0.5598366906211326,
           0.44663032169957156,
           0.34119804439711815,
           0.34500739714372797,
           0.6881315774585519,
           -0.25369149487660986,
           -0.05126920203676535,
           -0.20515121126277344,
           -0.2318544511675603,
           0.5049420753517612,
           0.4587981566678596,
           0.3462338763480676,
           0.17532544924324475,
           0.3340186838510839,
           0.7672967792384361
          ],
          [
           0.6790903880020743,
           0.27586867617376243,
           0.6917650135334819,
           0.7325622269972968,
           0.30146709825316975,
           0.49747344608506183,
           0.6319248221414899,
           0.6980498335607404,
           0.30337926320726244,
           0.0001109950726296278,
           1,
           0.21324733725115802,
           0.9727936770160764,
           0.951830112110991,
           0.16451421981281164,
           0.35606457553220283,
           0.3323575376076105,
           0.5133464414367649,
           0.24056736245007102,
           0.22775353267198026,
           0.715065195135185,
           0.19479855683425132,
           0.7196838036650044,
           0.7515484761266196,
           0.14191855291860658,
           0.28710316560074034,
           0.38058463462872194,
           0.5310623278216046,
           0.09454283035438187,
           0.049559432464573124
          ],
          [
           -0.09731744314481319,
           0.3863576227244906,
           -0.08676107831179455,
           -0.06628021360457731,
           0.06840644817118251,
           0.04620483071640705,
           0.07621834813534026,
           0.021479581923401776,
           0.1280529263402561,
           0.16417396587172883,
           0.21324733725115802,
           1,
           0.223170728630714,
           0.11156724721803947,
           0.3972428526412099,
           0.2316996989762371,
           0.19499846445881905,
           0.2302833995570338,
           0.41162068019753933,
           0.2797227477191938,
           -0.11169031312493002,
           0.4090027663153059,
           -0.10224192188743278,
           -0.08319498858504636,
           -0.07365765910118513,
           -0.09243935361819372,
           -0.06895622054645592,
           -0.11963752313984607,
           -0.12821475779252947,
           -0.045654568593207025
          ],
          [
           0.6741716157641048,
           0.28167311478720275,
           0.6931348895408653,
           0.7266283277906844,
           0.29609193289351476,
           0.5489052645888235,
           0.6603907872419604,
           0.710649871613898,
           0.3138927607965131,
           0.03982993157204734,
           0.9727936770160764,
           0.223170728630714,
           1,
           0.9376554069544157,
           0.15107533120841296,
           0.41632236799246164,
           0.3624815822704489,
           0.5562640836543961,
           0.2664870918640224,
           0.24414277341628535,
           0.6972005927206456,
           0.2003708539594511,
           0.7210313099890175,
           0.7307129731302829,
           0.1300543919910096,
           0.3419194453712055,
           0.4188988157305714,
           0.5548972306282103,
           0.1099304342313503,
           0.0854325720566574
          ],
          [
           0.7358636632128178,
           0.2598449866100985,
           0.7449826941190683,
           0.8000859212343201,
           0.24655243166573562,
           0.45565285198788846,
           0.6174268058452413,
           0.6902985397595536,
           0.22397021941762965,
           -0.09017024752042703,
           0.951830112110991,
           0.11156724721803947,
           0.9376554069544157,
           1,
           0.07515033812199375,
           0.28484005654116107,
           0.270894726190632,
           0.4157295683714005,
           0.1341089796924749,
           0.12707090297801246,
           0.7573731889240164,
           0.19649664907281025,
           0.7612126360687592,
           0.8114079609317274,
           0.12538943051609117,
           0.28325653753745555,
           0.38510013559852924,
           0.5381663138957359,
           0.07412629159952816,
           0.017539295132385505
          ],
          [
           -0.2226001245821115,
           0.006613777353585514,
           -0.20269402629832212,
           -0.1667766666011128,
           0.3323754426475922,
           0.13529926770047143,
           0.09856374579911734,
           0.027653308387136005,
           0.18732116526139078,
           0.4019644254484126,
           0.16451421981281164,
           0.3972428526412099,
           0.15107533120841296,
           0.07515033812199375,
           1,
           0.33669608050544514,
           0.2686847598722627,
           0.3284294991096789,
           0.4135061252078973,
           0.4273742067231582,
           -0.2306907098451477,
           -0.07474296487675623,
           -0.21730375458186166,
           -0.182195478059099,
           0.31445745598082797,
           -0.05555813871505085,
           -0.05829838674344549,
           -0.10200679633746537,
           -0.10734209778914477,
           0.10148031504252508
          ],
          [
           0.2059999804076988,
           0.19197461132396684,
           0.25074368074058806,
           0.21258255077923266,
           0.31894329670537874,
           0.7387217896603929,
           0.6702788246430194,
           0.49042424959357145,
           0.4216591470050108,
           0.5598366906211326,
           0.35606457553220283,
           0.2316996989762371,
           0.41632236799246164,
           0.28484005654116107,
           0.33669608050544514,
           1,
           0.8012683427383291,
           0.7440826676953253,
           0.3947128347620316,
           0.8032688176617679,
           0.20460716594748168,
           0.1430025832957166,
           0.26051583964720865,
           0.19937132909101393,
           0.22739423230542308,
           0.6787803543724954,
           0.6391466977559193,
           0.48320832682561315,
           0.277878430714635,
           0.5909727625047895
          ],
          [
           0.19420362276150882,
           0.14329307656049867,
           0.22808234539365832,
           0.20766006048256927,
           0.24839567988255598,
           0.5705168714898889,
           0.6912702075448502,
           0.43916706847426173,
           0.3426270230777206,
           0.44663032169957156,
           0.3323575376076105,
           0.19499846445881905,
           0.3624815822704489,
           0.270894726190632,
           0.2686847598722627,
           0.8012683427383291,
           1,
           0.7718039949238469,
           0.30942857798445156,
           0.727372183881192,
           0.1869035156858978,
           0.10024098374834615,
           0.22668042559090154,
           0.18835265208953067,
           0.16848132079136754,
           0.4848578006864688,
           0.6625641337427411,
           0.44047226304622294,
           0.19778782186141097,
           0.43932926857579074
          ],
          [
           0.3761689559399253,
           0.16385102528521822,
           0.407216915998619,
           0.3723202823307104,
           0.38067569098328613,
           0.642261850971647,
           0.6832599165123261,
           0.6156341308969191,
           0.39329787208901684,
           0.34119804439711815,
           0.5133464414367649,
           0.2302833995570338,
           0.5562640836543961,
           0.4157295683714005,
           0.3284294991096789,
           0.7440826676953253,
           0.7718039949238469,
           1,
           0.3127802232097334,
           0.611044139380723,
           0.3581266692410426,
           0.08674120994286846,
           0.3949992517741845,
           0.3422711620926815,
           0.21535059681593355,
           0.4528883773698806,
           0.5495923752351922,
           0.6024496059209876,
           0.14311566863305003,
           0.31065455149383064
          ],
          [
           -0.10432088141786551,
           0.009127167755035895,
           -0.08162932702839931,
           -0.07249658821176244,
           0.20077437592048314,
           0.22997659080143223,
           0.17800920792087752,
           0.09535078688667675,
           0.44913654239342854,
           0.34500739714372797,
           0.24056736245007102,
           0.41162068019753933,
           0.2664870918640224,
           0.1341089796924749,
           0.4135061252078973,
           0.3947128347620316,
           0.30942857798445156,
           0.3127802232097334,
           1,
           0.3690780833657291,
           -0.1281207690727424,
           -0.0774734201840788,
           -0.10375304384332498,
           -0.11034274289549834,
           -0.012661799565908998,
           0.06025487946536686,
           0.03711904859992839,
           -0.03041339642360094,
           0.38940248488464646,
           0.07807947627266758
          ],
          [
           -0.042641269114456294,
           0.054457519568933854,
           -0.005523391057003881,
           -0.019886963235068042,
           0.2836066985468851,
           0.5073181269004216,
           0.4493007490503378,
           0.2575837462430327,
           0.3317861462731239,
           0.6881315774585519,
           0.22775353267198026,
           0.2797227477191938,
           0.24414277341628535,
           0.12707090297801246,
           0.4273742067231582,
           0.8032688176617679,
           0.727372183881192,
           0.611044139380723,
           0.3690780833657291,
           1,
           -0.037487617862673565,
           -0.0031950288680895906,
           -0.0010003976259669379,
           -0.022736147308900636,
           0.17056831595314176,
           0.39015884208667484,
           0.3799746614570792,
           0.21520401331002892,
           0.11109395575572399,
           0.5913280656608751
          ],
          [
           0.9695389726112055,
           0.35257294715029586,
           0.9694763634663146,
           0.9627460860470841,
           0.21312014189594916,
           0.5353153982176662,
           0.6882364076436722,
           0.8303176311186159,
           0.18572775349568738,
           -0.25369149487660986,
           0.715065195135185,
           -0.11169031312493002,
           0.6972005927206456,
           0.7573731889240164,
           -0.2306907098451477,
           0.20460716594748168,
           0.1869035156858978,
           0.3581266692410426,
           -0.1281207690727424,
           -0.037487617862673565,
           1,
           0.3599207542210483,
           0.993707916102949,
           0.9840145644590742,
           0.21657443125969564,
           0.47582003746014645,
           0.5739747080993033,
           0.7874238517122407,
           0.2435292042913138,
           0.09349197867930178
          ],
          [
           0.29700764398637336,
           0.912044588840421,
           0.30303837155715024,
           0.287488627121397,
           0.03607179878564654,
           0.2481328332774173,
           0.2998788887096908,
           0.2927517130015173,
           0.0906506881166432,
           -0.05126920203676535,
           0.19479855683425132,
           0.4090027663153059,
           0.2003708539594511,
           0.19649664907281025,
           -0.07474296487675623,
           0.1430025832957166,
           0.10024098374834615,
           0.08674120994286846,
           -0.0774734201840788,
           -0.0031950288680895906,
           0.3599207542210483,
           1,
           0.3650982454086192,
           0.3458422825267967,
           0.22542941490948662,
           0.36083233859797315,
           0.3683656074599454,
           0.3597546095250358,
           0.23302746144531727,
           0.21912242546315883
          ],
          [
           0.9651365139559871,
           0.35803957505322415,
           0.9703868870426394,
           0.9591195743552645,
           0.23885262620915101,
           0.590210427731298,
           0.7295649165132018,
           0.8559231281343119,
           0.21916855911105818,
           -0.20515121126277344,
           0.7196838036650044,
           -0.10224192188743278,
           0.7210313099890175,
           0.7612126360687592,
           -0.21730375458186166,
           0.26051583964720865,
           0.22668042559090154,
           0.3949992517741845,
           -0.10375304384332498,
           -0.0010003976259669379,
           0.993707916102949,
           0.3650982454086192,
           1,
           0.9775780914063871,
           0.23677460388606966,
           0.5294076901641023,
           0.6183440795335158,
           0.8163221016875439,
           0.26949276908381714,
           0.13895686184575767
          ],
          [
           0.9410824595860461,
           0.3435459471864696,
           0.9415498080023068,
           0.9592133256498998,
           0.20671836342857688,
           0.50960380555792,
           0.6759872313060872,
           0.809629619909618,
           0.1771933773740968,
           -0.2318544511675603,
           0.7515484761266196,
           -0.08319498858504636,
           0.7307129731302829,
           0.8114079609317274,
           -0.182195478059099,
           0.19937132909101393,
           0.18835265208953067,
           0.3422711620926815,
           -0.11034274289549834,
           -0.022736147308900636,
           0.9840145644590742,
           0.3458422825267967,
           0.9775780914063871,
           1,
           0.20914533376028963,
           0.4382962837796741,
           0.5433305254110798,
           0.7474188023228167,
           0.2091455083870789,
           0.07964703402467602
          ],
          [
           0.11961613992160802,
           0.077503358822129,
           0.1505494043170374,
           0.12352293875557084,
           0.8053241954943627,
           0.5655411663750888,
           0.44882203840476004,
           0.4527530541790488,
           0.4266750263849464,
           0.5049420753517612,
           0.14191855291860658,
           -0.07365765910118513,
           0.1300543919910096,
           0.12538943051609117,
           0.31445745598082797,
           0.22739423230542308,
           0.16848132079136754,
           0.21535059681593355,
           -0.012661799565908998,
           0.17056831595314176,
           0.21657443125969564,
           0.22542941490948662,
           0.23677460388606966,
           0.20914533376028963,
           1,
           0.5681865166856064,
           0.5185232928640015,
           0.5476909029497875,
           0.4938383302357591,
           0.6176241916554379
          ],
          [
           0.4134628230608015,
           0.2778295924789794,
           0.45577422803832723,
           0.39041030924249864,
           0.4724684437304436,
           0.8658090398022629,
           0.7549680159063962,
           0.6674536768257124,
           0.4732000132446185,
           0.4587981566678596,
           0.28710316560074034,
           -0.09243935361819372,
           0.3419194453712055,
           0.28325653753745555,
           -0.05555813871505085,
           0.6787803543724954,
           0.4848578006864688,
           0.4528883773698806,
           0.06025487946536686,
           0.39015884208667484,
           0.47582003746014645,
           0.36083233859797315,
           0.5294076901641023,
           0.4382962837796741,
           0.5681865166856064,
           1,
           0.8922608987764685,
           0.8010803646352528,
           0.6144405011493067,
           0.8104548563116117
          ],
          [
           0.5269114618385448,
           0.30102522381649116,
           0.5638792634736619,
           0.5126059204433239,
           0.4349257147250878,
           0.8162752498000281,
           0.8841026390943817,
           0.7523994975749643,
           0.433721007590172,
           0.3462338763480676,
           0.38058463462872194,
           -0.06895622054645592,
           0.4188988157305714,
